00100100000000000000000000000001
00001111110111010000000000000000
00001111110111100000000000000001
00110011100000000000000000000000
00000000000111000000100000000011
00001011101000010000000000000000
00000111101000100000000000000000
00001100000000110000000000000010
00000000010000110010000000100000
00001100000001010000000000000010
00000000100001010011000000000001
00000111101001110000000000000000
00000000110001110100000000001010
00010100000010000000000000000011
00001100000010010000000000000000
00110101001000000000000000000000
00100100000000000000000000010011
00001100000010100000000000000001
00110101010000000000000000000000
11111100000000000000000000000000